0.000189503
0.000391901
0.000389526
1.76507
-nan
3.57972
1.91477
9.92861
16.7217
16.7444
-nan
5.14894
0.582746
0.117155
1.42378
1.03865
0.97413
0.0381267
0.253142
0.18166
0.180587
0.00548483
0.0322407
0.0236161
0.0230611
0.00311348
0.00223616
0.00224417
0.363322
0.33622
0.0823779
0.360969
-nan
0.229127
-nan
0.595456
-nan
0.343287
0.0835706
0.814494
0.0750567
0.0748429
0.731569
0.0814603
0.124481
0.878743
0.908533
0.900259
0.897042
2.48409
4.96478
0.825551
2.47445
4.98609
0.844631
0.859088
0.853101
0.830827
0.826845
-nan
0.677794
0.686469
0.609295
0.609295
0.383671
0.919715
0.876337
0.884712
0.88865
0.88653
0.885603
0.251365
1.36969
1.37553
0.196984
1.36571
1.36698
0.00267804
-nan
0.00792297
0.00226746
-nan
-nan
0.00855844
0.00403342
-nan
0.00760651
-nan
-nan
0.0172098
0.188121
0.781306
0.234695
-nan
-nan
-nan
0.0311883
-nan
0.0236971
-nan
0.00809112
-nan
0.00201272
-nan
94.8389
9.13926
0.0033239
0.00230105
0.0174399
-nan
-nan
0.00455463
0.0015545
0.00154797
0.0253633
-nan
0.00522363
-nan
0.00508153
